第1层网络层:
权重矩阵维度: (3, 7)
系数矩阵：
 [[ 0.13628996  0.86154607 -0.8933017  -0.08142864 -0.34540175 -0.63108221
  -0.4856864 ]
 [-0.11735843  0.27809357 -0.15851895  0.13786691  0.37629959 -0.45752413
   0.58534653]
 [-0.39079621  0.7529111   0.38925312 -0.31653314 -0.78156077 -0.46735545
   0.46556909]]
第2层网络层:
权重矩阵维度: (7, 8)
系数矩阵：
 [[-0.41732824  0.31984439 -0.53057468 -0.0576731   0.33419006 -0.41580465
   0.24192243 -0.3441609 ]
 [ 0.23573372  0.48302974 -0.60882076  0.27799259  0.92183571  0.75327279
  -0.27751473  0.41085395]
 [-0.50151498 -0.20978856  0.49871825 -0.12541239 -0.68614276 -0.23154229
  -0.60751127  0.05120601]
 [-0.36449672 -0.37714411 -0.03902001 -0.56026031  0.24738291 -0.14023591
   0.11242164  0.18004218]
 [-0.50264192 -0.27085663  0.22321635 -0.01667879 -0.69981668 -0.31525636
   0.20636855 -0.10858349]
 [ 0.56195954  0.10940397  0.50989255 -0.45822526 -0.45594802  0.3885369
  -0.12933458 -0.4229861 ]
 [ 0.54036293 -0.19242113  0.31702186  0.28565727  0.4844918   0.15631938
   0.31718659 -0.1909897 ]]
第3层网络层:
权重矩阵维度: (8, 1)
系数矩阵：
 [[-0.08173303]
 [ 0.17708533]
 [-0.14294163]
 [-0.03032699]
 [ 1.15355689]
 [ 0.40295058]
 [-0.81121005]
 [ 0.21552349]]